time[ms],x,y
1,0,0
10,0,0
19,0,0
29,0,0
73,0,0
91,0,0
101,0,0
109,0,0
121,0,0
131,0,0
143,0,0
151,0,0
160,0,0
168,0,0
178,0,0
186,0,0
194,0,0
202,0,0
211,0,0
220,0,0
229,0,0
238,0,0
246,0,0
256,0,0
266,0,0
274,0,0
283,0,0
292,0,0
303,0,0
312,0,0
320,0,0
331,0,0
340,0,0
349,0,0
359,0,0
369,0,0
377,0,0
385,0,0
393,0,0
401,0,0
409,0,0
417,0,0
425,0,0
433,0,0
441,0,0
449,0,0
457,0,0
465,0,0
473,0,0
483,0,0
491,0,0
499,0,0
507,0,0
515,0,0
523,0,0
531,0,0
539,0,0
548,0,0
556,0,0
564,0,0
572,0,0
580,0,0
588,0,0
590,-1,0
598,-1,0
611,-1,0
619,-1,0
627,-1,0
635,-1,0
643,-1,0
651,-1,0
659,-1,0
668,-1,0
676,-1,0
684,-1,0
692,-1,0
701,-1,0
709,-1,0
717,-1,0
725,-1,0
733,-1,0
741,-1,0
749,-1,0
757,-1,0
765,-1,0
773,-1,0
783,-1,0
791,-1,0
799,-1,0
807,-1,0
815,-1,0
823,-1,0
831,-1,0
839,-1,0
848,-1,0
856,-1,0
864,-1,0
872,-1,0
880,-1,0
888,-1,0
896,-1,0
904,-1,0
912,-1,0
920,-1,0
928,-1,0
936,-1,0
944,-1,0
952,-1,0
960,-1,0
968,-1,0
976,-1,0
984,-1,0
992,-1,0
1000,-1,0
1012,-1,0
1015,-2,-1
1023,-2,-1
1031,-3,-2
1039,-3,-2
1052,-3,-2
1061,-3,-2
1070,-4,-1
1078,-4,2
1089,-4,5
1094,-6,13
1105,-7,15
1114,-7,19
1138,-10,22
1149,-10,23
1154,-11,27
1160,-11,29
1161,-11,32
1162,-11,33
1166,-11,35
1174,-11,39
1182,-9,44
1190,-9,53
1198,-9,59
1206,-8,64
1214,-8,69
1222,-8,78
1230,-8,84
1238,-8,90
1246,-8,97
1254,-9,100
1262,-9,116
1270,-9,133
1278,-9,133
1279,-10,144
1287,-11,154
1295,-14,165
1303,-16,183
1311,-17,204
1318,-17,224
1326,-17,224
1327,-19,241
1335,-26,266
1343,-29,284
1351,-30,301
1359,-34,323
1367,-36,344
1375,-37,368
1383,-39,390
1391,-42,413
1399,-50,439
1407,-54,459
1415,-59,480
1423,-66,500
1431,-76,521
1439,-80,541
1447,-82,559
1454,-82,574
1462,-82,585
1470,-84,594
1478,-84,594
1479,-90,606
1487,-92,620
1495,-92,620
1495,-96,633
1503,-100,645
1511,-100,654
1519,-100,654
1520,-101,665
1528,-106,675
1535,-110,683
1543,-110,690
1551,-110,696
1559,-109,699
1567,-109,700
1575,-109,703
1583,-109,705
1591,-109,707
1599,-109,712
1607,-109,715
1621,-109,720
1623,-109,725
1631,-111,730
1639,-111,735
1650,-111,744
1663,-111,763
1664,-111,779
1671,-111,795
1679,-111,811
1687,-111,814
1695,-111,818
1703,-111,818
1705,-114,829
1711,-114,839
1719,-114,839
1722,-115,850
1727,-115,860
1735,-116,867
1743,-116,867
1743,-119,879
1752,-119,889
1759,-119,893
1767,-120,894
1775,-121,895
1783,-121,895
1795,-121,895
1803,-121,895
1807,-119,895
1815,-116,892
1823,-114,887
1831,-112,883
1839,-110,877
1848,-108,870
1856,-107,858
1864,-106,845
1872,-103,827
1880,-99,806
1888,-97,787
1896,-96,772
1904,-96,760
1925,-94,752
1971,-93,747
1971,-92,746
1972,-92,742
1976,-93,741
1984,-93,741
1992,-93,741
2009,-93,741
2015,-93,739
2023,-93,739
2034,-93,739
2039,-93,738
2047,-93,738
2057,-93,738
2065,-93,738
2071,-93,737
2079,-93,737
2087,-93,737
2095,-93,737
2103,-93,736
2111,-93,736
2119,-93,736
2127,-93,736
2135,-93,736
2143,-93,736
2151,-93,736
2159,-93,736
2167,-93,736
2175,-93,734
2183,-93,732
2191,-93,732
2191,-89,721
2199,-89,718
2207,-87,715
2215,-86,716
2223,-87,722
2231,-87,722
2231,-89,732
2239,-89,743
2247,-87,754
2255,-86,768
2263,-86,784
2271,-86,784
2272,-90,800
2280,-94,811
2287,-97,820
2295,-100,827
2303,-100,833
2311,-101,839
2319,-101,844
2327,-101,853
2335,-104,862
2343,-107,866
2351,-109,868
2359,-111,877
2367,-116,886
2375,-116,886
2375,-121,897
2383,-125,905
2391,-132,914
2399,-134,920
2407,-134,927
2415,-135,930
2423,-136,937
2431,-140,945
2439,-142,953
2447,-146,962
2455,-150,971
2463,-159,980
2471,-164,988
2479,-164,988
2480,-165,998
2488,-166,1008
2495,-170,1014
2503,-171,1023
2511,-171,1032
2519,-172,1039
2527,-172,1046
2535,-172,1057
2543,-172,1057
2543,-174,1069
2551,-174,1069
2552,-175,1079
2560,-176,1089
2568,-179,1099
2575,-179,1114
2583,-179,1114
2583,-180,1130
2591,-180,1130
2591,-181,1151
2599,-181,1171
2607,-181,1188
2615,-179,1205
2623,-177,1225
2631,-177,1246
2639,-177,1269
2647,-177,1290
2655,-177,1310
2663,-177,1324
2671,-177,1340
2679,-177,1363
2687,-177,1383
2695,-176,1403
2703,-176,1431
2711,-176,1460
2719,-174,1491
2727,-174,1521
2740,-173,1551
2745,-173,1585
2751,-171,1621
2759,-171,1621
2763,-174,1663
2767,-173,1710
2777,-171,1761
2783,-171,1813
2791,-167,1869
2799,-166,1929
2807,-164,1986
2815,-164,1986
2815,-171,2039
2823,-171,2039
2828,-175,2088
2832,-179,2124
2840,-181,2156
2848,-182,2181
2863,-186,2194
2864,-189,2200
2871,-191,2202
2879,-192,2203
2887,-192,2204
2896,-192,2204
2911,-192,2203
2919,-191,2201
2927,-189,2198
2935,-187,2196
2942,-187,2193
2950,-187,2193
2950,-187,2192
2958,-187,2192
2958,-187,2189
2966,-187,2189
2970,-187,2186
2975,-187,2183
2983,-187,2179
2991,-186,2176
3003,-186,2173
3007,-184,2169
3035,-182,2164
3039,-182,2160
3053,-182,2158
3058,-182,2157
3059,-182,2156
3063,-182,2152
3071,-182,2146
3079,-182,2137
3087,-182,2128
3095,-182,2121
3103,-179,2112
3111,-175,2103
3119,-175,2103
3119,-169,2092
3127,-169,2092
3131,-169,2082
3136,-168,2072
3142,-167,2071
3150,-167,2071
3150,-167,2068
3158,-167,2068
3167,-168,2068
3186,-168,2068
3228,-169,2067
3248,-169,2066
3292,-169,2064
3335,-169,2063
3345,-168,2062
3346,-164,2058
3347,-162,2056
3348,-162,2053
3348,-161,2046
3349,-158,2042
3350,-158,2045
3350,-158,2049
3358,-158,2049
3358,-157,2055
3368,-157,2062
3388,-157,2068
3391,-157,2073
3396,-157,2077
3418,-157,2082
3419,-156,2090
3419,-156,2102
3423,-156,2114
3431,-154,2124
3439,-154,2134
3488,-154,2145
3511,-154,2154
3561,-155,2162
3584,-156,2171
3603,-157,2178
3608,-157,2182
3624,-157,2187
3624,-157,2190
3626,-157,2194
3626,-157,2198
3627,-157,2202
3627,-157,2204
3628,-157,2207
3629,-156,2212
3629,-153,2219
3630,-153,2227
3631,-149,2238
3631,-144,2253
3632,-144,2270
3632,-145,2293
3633,-145,2313
3634,-145,2334
3634,-143,2355
3635,-136,2375
3639,-128,2396
3700,-123,2419
3707,-118,2440
3717,-116,2460
3768,-114,2481
3782,-115,2501
3823,-117,2521
3824,-120,2540
3825,-121,2559
3826,-124,2574
3826,-126,2591
3827,-129,2613
3827,-131,2634
3828,-131,2656
3829,-131,2679
3829,-129,2703
3830,-130,2724
3830,-132,2744
3831,-136,2764
3832,-139,2783
3832,-141,2798
3833,-144,2812
3834,-146,2823
3834,-147,2835
3835,-149,2847
3840,-150,2858
3879,-150,2873
3888,-151,2884
3932,-151,2894
3959,-151,2903
3967,-151,2909
3985,-154,2914
3990,-155,2920
3994,-155,2928
3997,-156,2938
4002,-156,2950
4032,-156,2958
4072,-156,2974
4078,-156,2991
4081,-156,3007
4085,-156,3024
4090,-156,3040
4091,-156,3054
4092,-156,3065
4092,-157,3079
4093,-157,3093
4094,-159,3110
4095,-160,3133
4096,-158,3151
4096,-156,3174
4097,-153,3198
4097,-149,3221
4098,-146,3245
4099,-141,3271
4099,-134,3296
4100,-134,3321
4101,-135,3349
4101,-139,3374
4103,-138,3394
4111,-138,3394
4190,-139,3419
4209,-140,3443
4225,-140,3464
4246,-141,3489
4249,-142,3508
4256,-144,3526
4269,-146,3544
4278,-147,3561
4283,-150,3573
4286,-151,3582
4288,-153,3589
4289,-155,3591
4315,-157,3593
4322,-159,3593
4324,-160,3593
4330,-161,3592
4368,-162,3591
4369,-162,3588
4370,-162,3586
4371,-162,3581
4372,-162,3576
4372,-162,3572
4374,-162,3568
4376,-161,3561
4386,-161,3552
4400,-161,3543
4400,-159,3532
4401,-158,3523
4404,-158,3512
4404,-158,3501
4405,-156,3491
4406,-150,3480
4406,-148,3468
4407,-148,3459
4407,-148,3454
4408,-145,3450
4416,-145,3450
4442,-145,3450
4480,-144,3449
4488,-144,3449
4495,-144,3448
4529,-144,3447
4563,-144,3446
4581,-144,3446
4583,-144,3444
4591,-144,3444
4608,-144,3442
4610,-143,3440
4617,-141,3438
4625,-141,3438
4633,-141,3438
4639,-140,3437
4647,-138,3437
4655,-136,3435
4663,-134,3433
4671,-134,3433
4682,-133,3436
4689,-132,3440
4695,-132,3443
4703,-132,3447
4711,-132,3453
4719,-132,3459
4746,-132,3465
4747,-132,3476
4751,-131,3486
4755,-129,3493
4763,-129,3494
4767,-127,3498
4776,-126,3507
4797,-126,3517
4799,-126,3524
4800,-129,3532
4807,-131,3538
4817,-132,3543
4846,-132,3548
4847,-136,3554
4847,-140,3559
4848,-141,3564
4855,-142,3570
4863,-142,3575
4871,-142,3580
4879,-142,3584
4887,-144,3586
4895,-144,3587
4903,-145,3588
4911,-145,3591
4919,-145,3594
4927,-145,3597
4935,-145,3600
4943,-145,3604
4951,-146,3609
4959,-147,3613
4967,-147,3618
4975,-147,3623
4984,-147,3628
4991,-149,3633
4999,-150,3639
5007,-150,3644
5015,-150,3653
5023,-151,3661
5031,-152,3667
5039,-152,3673
5047,-154,3678
5055,-155,3683
5063,-155,3687
5071,-156,3692
5079,-157,3698
5087,-157,3701
5095,-157,3705
5103,-159,3709
5110,-159,3713
5118,-159,3713
5119,-159,3718
5127,-160,3723
5135,-160,3728
5143,-161,3733
5151,-161,3735
5159,-161,3740
5167,-162,3744
5175,-162,3749
5183,-162,3753
5192,-165,3758
5199,-166,3762
5207,-166,3767
5215,-167,3773
5223,-169,3779
5231,-170,3783
5239,-170,3789
5247,-170,3795
5255,-170,3803
5263,-170,3812
5271,-170,3820
5279,-170,3828
5287,-170,3835
5295,-169,3837
5303,-168,3843
5310,-168,3852
5318,-168,3852
5318,-168,3858
5326,-168,3858
5326,-168,3867
5334,-168,3867
5339,-168,3876
5343,-168,3885
5351,-168,3895
5359,-168,3904
5367,-167,3915
5375,-167,3924
5383,-166,3934
5391,-164,3942
5399,-163,3949
5407,-161,3957
5415,-157,3963
5423,-153,3969
5431,-151,3973
5439,-148,3978
5466,-146,3982
5466,-143,3985
5467,-140,3990
5471,-137,3994
5479,-124,4001
5487,-118,4008
5503,-109,4018
5507,-103,4023
5511,-99,4028
5519,-96,4034
5527,-92,4039
5535,-88,4043
5543,-83,4046
5551,-76,4052
5559,-67,4056
5567,-61,4061
5575,-57,4064
5583,-54,4066
5591,-51,4067
5599,-46,4069
5607,-41,4070
5615,-29,4074
5623,-20,4074
5631,-13,4076
5639,-10,4076
5647,0,4079
5655,11,4079
5663,16,4079
5671,20,4079
5679,21,4079
5687,22,4079
5695,23,4079
5704,23,4079
5711,24,4078
5719,24,4077
5727,24,4076
5735,24,4073
5743,24,4069
5751,24,4068
5759,24,4066
5767,24,4062
5775,24,4059
5783,24,4057
5791,24,4056
5809,23,4053
5811,21,4048
5815,20,4045
5823,20,4042
5832,19,4038
5839,19,4036
5847,18,4033
5855,18,4032
5863,18,4032
5871,18,4031
5879,18,4028
5887,18,4027
5896,18,4022
5903,18,4017
5911,18,4013
5919,17,4012
5927,16,4011
5935,16,4011
5943,16,4009
5951,16,4007
5959,16,4003
5967,16,4003
5975,19,3995
5983,22,3988
5991,22,3984
5999,22,3982
6008,23,3978
6015,25,3975
6023,26,3971
6031,26,3968
6039,26,3968
6047,26,3967
6055,26,3966
6063,26,3964
6071,26,3963
6079,26,3963
6087,26,3962
6095,26,3962
6103,26,3962
6114,26,3962
6119,25,3961
6127,25,3961
6135,25,3961
6147,25,3961
6156,25,3961
6164,25,3961
6172,25,3961
6180,25,3961
6189,25,3961
6199,24,3961
6207,24,3961
6215,22,3961
6223,22,3961
6231,22,3961
6239,22,3961
6248,22,3961
6255,21,3961
6263,21,3961
6271,21,3961
6279,21,3961
6287,21,3961
6297,21,3961
6303,20,3962
6312,20,3963
6320,20,3963
6328,20,3963
6336,20,3963
6344,20,3963
6355,20,3963
6363,20,3963
6371,20,3963
6379,20,3963
6387,20,3963
6397,20,3963
6399,20,3964
6407,19,3965
6415,19,3967
6423,18,3968
6431,18,3968
6439,18,3969
6447,18,3969
6455,18,3970
6463,18,3970
6471,17,3971
6479,16,3972
6487,16,3972
6495,15,3973
6504,15,3973
6528,15,3974
6568,14,3977
6572,13,3978
6572,11,3980
6574,10,3981
6582,10,3981
6590,10,3981
6598,10,3981
6606,10,3981
6615,10,3981
6626,10,3981
6634,10,3981
6642,10,3981
6650,10,3981
6655,9,3981
6663,9,3981
6671,7,3980
6680,7,3980
6687,6,3979
6704,5,3978
6726,4,3977
6734,4,3976
6739,4,3973
6742,3,3971
6742,1,3969
6747,1,3968
6755,1,3968
6759,0,3967
6767,0,3967
6776,0,3965
6788,0,3964
6837,-1,3963
6871,-1,3963
6879,-1,3962
6887,-1,3962
6904,-1,3962
6938,-1,3962
6956,-1,3962
6983,-1,3962
7014,-1,3962
7016,-1,3961
7023,-2,3960
7037,-2,3960
7045,-2,3960
7054,-2,3960
7062,-2,3960
7073,-2,3960
7094,-2,3960
7148,-2,3959
7168,-2,3959
7182,-2,3959
7203,-2,3959
7231,-2,3959
7260,-2,3959
7275,-2,3959
7294,-2,3959
7312,-3,3957
7335,-3,3957
7344,-3,3957
7353,-3,3957
7392,-3,3957
7436,-3,3957
7456,-3,3957
7486,-3,3957
7516,-3,3957
7545,-3,3957
7553,-3,3957
7593,-3,3957
7623,-3,3957
7632,-3,3957
7647,-4,3956
7655,-4,3956
7666,-4,3956
7674,-4,3956
7682,-4,3956
7690,-4,3956
7698,-4,3956
7706,-4,3956
7714,-4,3956
7722,-4,3956
7730,-4,3956
7738,-4,3956
7746,-4,3956
7754,-4,3956
7763,-4,3956
7771,-4,3956
7779,-4,3956
7787,-4,3956
7795,-4,3956
7803,-4,3956
7811,-4,3956
7819,-4,3956
7827,-4,3956
7835,-4,3956
7843,-4,3956
7851,-4,3956
7859,-4,3956
7867,-4,3956
7876,-4,3956
7884,-4,3956
7892,-4,3956
7900,-4,3956
7908,-4,3956
7916,-4,3956
7924,-4,3956
7932,-4,3956
7940,-4,3956
7948,-4,3956
7956,-4,3956
7964,-4,3956
7972,-4,3956
7980,-4,3956
7996,-4,3956
8089,-4,3956
8097,-4,3956
8135,-4,3956
8146,-4,3956
8151,-4,3954
8159,-4,3954
8169,-4,3954
8178,-4,3954
8189,-4,3954
8200,-5,3953
8208,-5,3953
8216,-5,3953
8224,-5,3953
8232,-5,3953
8242,-5,3953
8250,-5,3953
8258,-5,3953
8268,-5,3953
8277,-5,3953
8285,-5,3953
8293,-5,3953
8301,-5,3953
8309,-5,3953
8317,-5,3953
8325,-5,3953
8333,-5,3953
8341,-5,3953
8349,-5,3953
8357,-5,3953
8365,-5,3953
8373,-5,3953
8381,-5,3953
8389,-5,3953
8397,-5,3953
8405,-5,3953
8413,-5,3953
8421,-5,3953
8429,-5,3953
8437,-5,3953
8445,-5,3953
8453,-5,3953
8461,-5,3953
8469,-5,3953
8477,-5,3953
8485,-5,3953
8493,-5,3953
8501,-5,3953
8509,-5,3953
8517,-5,3953
8525,-5,3953
8533,-5,3953
8541,-5,3953
8549,-5,3953
8557,-5,3953
8565,-5,3953
8573,-5,3953
8581,-5,3953
8591,-5,3953
8599,-5,3953
8607,-5,3953
8615,-5,3953
8623,-5,3953
8631,-5,3953
8639,-5,3953
8647,-5,3953
8655,-5,3953
8663,-5,3953
8671,-5,3953
8679,-5,3953
8689,-5,3953
8697,-5,3953
8705,-5,3953
8713,-5,3953
8724,-5,3953
8732,-5,3953
8740,-5,3953
8771,-5,3953
8782,-5,3953
8793,-5,3953
8801,-5,3953
8810,-5,3953
8818,-5,3953
8826,-5,3953
8834,-5,3953
8843,-5,3953
8855,-5,3953
8863,-5,3953
8873,-5,3953
8881,-5,3953
8889,-5,3953
8897,-5,3953
8905,-5,3953
8913,-5,3953
8921,-5,3953
8929,-5,3953
8937,-5,3953
8945,-5,3953
8953,-5,3953
8961,-5,3953
8969,-5,3953
8977,-5,3953
8985,-5,3953
8993,-5,3953
9001,-5,3953
9009,-5,3953
9017,-5,3953
9025,-5,3953
9033,-5,3953
9041,-5,3953
9049,-5,3953
9057,-5,3953
9065,-5,3953
9073,-5,3953
9081,-5,3953
9089,-5,3953
9097,-5,3953
9105,-5,3953
9113,-5,3953
9122,-5,3953
9127,-5,3952
9135,-5,3952
9143,-5,3952
9152,-5,3952
9160,-5,3952
9168,-5,3952
9175,-5,3953
9183,-5,3953
9191,-5,3954
9199,-5,3955
9207,-5,3955
9215,-5,3956
9223,-5,3957
9231,-6,3958
9239,-6,3959
9247,-6,3960
9255,-6,3962
9263,-6,3963
9271,-7,3965
9279,-9,3968
9286,-11,3971
9294,-11,3971
9294,-12,3973
9302,-12,3973
9310,-12,3973
9310,-12,3974
9318,-12,3974
9327,-12,3975
9335,-14,3977
9343,-15,3979
9351,-16,3982
9359,-17,3987
9367,-21,3991
9375,-22,3993
9383,-24,3995
9391,-24,3997
9399,-25,3999
9407,-25,4004
9415,-26,4010
9423,-26,4018
9431,-26,4020
9439,-29,4024
9447,-30,4029
9455,-30,4032
9463,-31,4033
9471,-31,4033
9479,-31,4034
9487,-31,4037
9495,-31,4040
9503,-31,4045
9511,-31,4047
9519,-31,4047
9527,-31,4048
9535,-31,4048
9543,-31,4048
9551,-31,4048
9559,-31,4048
9567,-31,4049
9575,-31,4050
9583,-31,4050
9591,-31,4050
9599,-31,4050
9607,-31,4050
9615,-31,4050
9623,-31,4050
9631,-31,4050
9639,-31,4050
9647,-31,4050
9655,-31,4050
9663,-31,4049
9671,-31,4047
9679,-31,4046
9687,-31,4043
9695,-31,4042
9703,-31,4039
9711,-29,4036
9719,-29,4036
9727,-29,4034
9735,-28,4032
9743,-27,4029
9751,-27,4027
9759,-27,4023
9767,-26,4017
9775,-24,4010
9784,-24,4002
9791,-24,3997
9799,-22,3993
9807,-21,3989
9815,-19,3987
9823,-19,3986
9831,-19,3986
9839,-19,3983
9847,-19,3979
9855,-19,3977
9863,-19,3974
9871,-19,3974
9879,-19,3974
9888,-19,3974
9895,-19,3973
9903,-19,3973
9912,-19,3973
9921,-19,3973
9929,-19,3973
9937,-19,3973
9945,-19,3973
9953,-19,3973
9961,-19,3973
9969,-19,3973
9975,-19,3972
9983,-19,3972
9991,-19,3972
9999,-19,3972
10007,-19,3972
10015,-19,3972
10023,-19,3971
10031,-19,3971
10040,-19,3971
10048,-19,3971
10056,-19,3971
10064,-19,3971
10072,-19,3971
10081,-19,3971
10089,-19,3971
10097,-19,3971
10103,-18,3969
10111,-18,3969
10119,-18,3969
10128,-18,3969
10136,-18,3969
10144,-18,3969
10152,-18,3969
10159,-18,3968
10167,-18,3968
10175,-18,3968
10183,-18,3968
10192,-18,3968
10200,-18,3968
10208,-18,3968
10216,-18,3968
10224,-18,3968
10233,-18,3968
10241,-18,3968
10249,-18,3968
10255,-18,3967
10263,-18,3967
10272,-18,3967
10280,-18,3967
10288,-18,3967
10296,-18,3967
10304,-18,3967
10312,-18,3967
10321,-18,3967
10329,-18,3967
10338,-18,3967
10346,-18,3967
10354,-18,3967
10363,-18,3967
10371,-18,3967
10379,-18,3967
10387,-18,3967
10396,-18,3967
10404,-18,3967
10407,-18,3966
10415,-18,3966
10424,-18,3966
10432,-18,3966
10441,-18,3966
10449,-18,3966
10458,-18,3966
10466,-18,3966
10475,-18,3966
10484,-18,3966
10493,-18,3966
10501,-18,3966
10509,-18,3966
10517,-18,3966
10525,-18,3966
10534,-18,3966
10542,-18,3966
10550,-18,3966
10558,-18,3966
10567,-18,3966
10575,-18,3966
10583,-18,3966
10591,-18,3966
10599,-18,3966
10607,-18,3966
10616,-18,3966
10624,-18,3966
10632,-18,3966
10640,-18,3966
10648,-18,3966
10656,-18,3966
10666,-18,3966
10674,-18,3966
10682,-18,3966
10690,-18,3966
10698,-18,3966
10703,-18,3964
10711,-18,3964
10720,-18,3964
10728,-18,3964
10736,-18,3964
10744,-18,3964
10753,-18,3964
10761,-18,3964
10769,-18,3964
10777,-18,3964
10786,-18,3964
10794,-18,3964
10802,-18,3964
10810,-18,3964
10818,-18,3964
10826,-18,3964
10834,-18,3964
10842,-18,3964
10850,-18,3964
10858,-18,3964
10866,-18,3964
10884,-18,3964
10896,-18,3964
10904,-18,3964
10913,-18,3964
10921,-18,3964
10929,-18,3964
10937,-18,3964
10945,-18,3964
10953,-18,3964
10961,-18,3964
10969,-18,3964
10977,-18,3964
10985,-18,3964
10991,-17,3962
10999,-17,3962
11007,-17,3962
11016,-17,3962
11024,-17,3962
11032,-17,3962
11040,-17,3962
11048,-17,3962
11056,-17,3962
11064,-17,3962
11072,-17,3962
11080,-17,3962
11088,-17,3962
11096,-17,3962
11104,-17,3962
11112,-17,3962
1,-17,3962
9,-17,3962
17,-17,3962
26,-17,3962
34,-17,3962
42,-17,3962
50,-17,3962
58,-17,3962
66,-17,3962
74,-17,3962
82,-17,3962
90,-17,3962
98,-17,3962
106,-17,3962
114,-17,3962
122,-17,3962
130,-17,3962
138,-17,3962
146,-17,3962
154,-17,3962
162,-17,3962
170,-17,3962
178,-17,3962
186,-17,3962
194,-17,3962
202,-17,3962
211,-17,3962
219,-17,3962
227,-17,3962
237,-17,3962
245,-17,3962
253,-17,3962
261,-17,3962
270,-17,3962
278,-17,3962
286,-17,3962
294,-17,3962
303,-17,3962
311,-17,3962
319,-17,3962
327,-17,3962
336,-17,3962
344,-17,3962
352,-17,3962
361,-17,3962
371,-17,3962
379,-17,3962
387,-17,3962
395,-17,3962
403,-17,3962
411,-17,3962
419,-17,3962
427,-17,3962
435,-17,3962
440,-17,3961
448,-17,3961
456,-17,3961
466,-17,3961
474,-17,3961
482,-17,3961
490,-17,3961
498,-17,3961
506,-17,3961
514,-17,3961
522,-17,3961
530,-17,3961
538,-17,3961
546,-17,3961
554,-17,3961
562,-17,3961
570,-17,3961
578,-17,3961
586,-17,3961
594,-17,3961
602,-17,3961
611,-17,3961
619,-17,3961
627,-17,3961
636,-17,3961
644,-17,3961
652,-17,3961
660,-17,3961
668,-17,3961
676,-17,3961
684,-17,3961
692,-17,3961
700,-17,3961
708,-17,3961
716,-17,3961
724,-17,3961
732,-17,3961
740,-17,3961
748,-17,3961
756,-17,3961
764,-17,3961
772,-17,3961
780,-17,3961
788,-17,3961
796,-17,3961
804,-17,3961
812,-17,3961
820,-17,3961
828,-17,3961
837,-17,3961
845,-17,3961
853,-17,3961
861,-17,3961
870,-17,3961
878,-17,3961
886,-17,3961
894,-17,3961
902,-17,3961
910,-17,3961
918,-17,3961
926,-17,3961
934,-17,3961
942,-17,3961
951,-17,3961
959,-17,3961
967,-17,3961
975,-17,3961
983,-17,3961
991,-17,3961
991,-17,3959
999,-17,3959
1007,-17,3959
1015,-17,3959
1023,-17,3959
1031,-17,3959
1039,-17,3959
1047,-17,3959
1055,-17,3959
1063,-17,3959
1071,-17,3959
1079,-17,3959
1087,-17,3959
1095,-17,3959
1104,-17,3959
1112,-17,3959
1120,-17,3959
1128,-17,3959
1136,-17,3959
1144,-17,3959
1152,-17,3959
1160,-17,3959
1170,-17,3959
1179,-17,3959
1187,-17,3959
1195,-17,3959
1203,-17,3959
1211,-17,3959
1219,-17,3959
1227,-17,3959
1235,-17,3959
1243,-17,3959
1251,-17,3959
1259,-17,3959
1267,-17,3959
1275,-17,3959
1283,-17,3959
1292,-17,3959
1300,-17,3959
1308,-17,3959
1316,-17,3959
1324,-17,3959
1332,-17,3959
1340,-17,3959
1348,-17,3959
1356,-17,3959
1364,-17,3959
1372,-17,3959
1380,-17,3959
1388,-17,3959
1396,-17,3959
1404,-17,3959
1412,-17,3959
1420,-17,3959
1428,-17,3959
1436,-17,3959
1444,-17,3959
1452,-17,3959
1460,-17,3959
1468,-17,3959
1476,-17,3959
1484,-17,3959
1492,-17,3959
1500,-17,3959
1508,-17,3959
1516,-17,3959
1524,-17,3959
1532,-17,3959
1540,-17,3959
1548,-17,3959
1552,-17,3958
1560,-17,3958
1568,-17,3958
1576,-17,3958
1585,-17,3958
1593,-17,3958
1601,-17,3958
1609,-17,3958
1617,-17,3958
1625,-17,3958
1633,-17,3958
1641,-17,3958
1649,-17,3958
1659,-17,3958
1667,-17,3958
1675,-17,3958
1684,-17,3958
1692,-17,3958
1700,-17,3958
1708,-17,3958
1716,-17,3958
1724,-17,3958
1732,-17,3958
1740,-17,3958
1748,-17,3958
1756,-17,3958
1764,-17,3958
1772,-17,3958
1780,-17,3958
1788,-17,3958
1796,-17,3958
1804,-17,3958
1812,-17,3958
1820,-17,3958
1828,-17,3958
1836,-17,3958
1844,-17,3958
1852,-17,3958
1860,-17,3958
1868,-17,3958
1876,-17,3958
1884,-17,3958
1892,-17,3958
1901,-17,3958
1909,-17,3958
1917,-17,3958
1925,-17,3958
1934,-17,3958
1942,-17,3958
1954,-17,3958
1963,-17,3958
1971,-17,3958
1980,-17,3958
1988,-17,3958
1996,-17,3958
2004,-17,3958
2012,-17,3958
2020,-17,3958
2028,-17,3958
2036,-17,3958
2044,-17,3958
2052,-17,3958
2060,-17,3958
2068,-17,3958
2076,-17,3958
2084,-17,3958
2092,-17,3958
2100,-17,3958
2108,-17,3958
2116,-17,3958
2124,-17,3958
2132,-17,3958
2140,-17,3958
2148,-17,3958
2156,-17,3958
2164,-17,3958
2172,-17,3958
2180,-17,3958
2188,-17,3958
2196,-17,3958
2204,-17,3958
2212,-17,3958
2220,-17,3958
2228,-17,3958
2236,-17,3958
2245,-17,3958
2253,-17,3958
2261,-17,3958
2269,-17,3958
2278,-17,3958
2286,-17,3958
2294,-17,3958
2302,-17,3958
2310,-17,3958
2318,-17,3958
2326,-17,3958
2334,-17,3958
2342,-17,3958
2351,-17,3958
2359,-17,3958
2367,-17,3958
2375,-17,3958
2384,-17,3958
2392,-17,3958
2400,-17,3958
2408,-17,3958
2417,-17,3958
2425,-17,3958
2433,-17,3958
2441,-17,3958
2449,-17,3958
2457,-17,3958
2467,-17,3958
2475,-17,3958
2483,-17,3958
2491,-17,3958
2499,-17,3958
2507,-17,3958
2515,-17,3958
2523,-17,3958
2531,-17,3958
2539,-17,3958
2547,-17,3958
2555,-17,3958
2563,-17,3958
2572,-17,3958
2580,-17,3958
2588,-17,3958
2596,-17,3958
2604,-17,3958
2612,-17,3958
2620,-17,3958
2628,-17,3958
2636,-17,3958
2644,-17,3958
2652,-17,3958
2660,-17,3958
2668,-17,3958
2676,-17,3958
2684,-17,3958
2692,-17,3958
2700,-17,3958
2708,-17,3958
2716,-17,3958
2724,-17,3958
2732,-17,3958
2740,-17,3958
2748,-17,3958
2756,-17,3958
2764,-17,3958
2772,-17,3958
2780,-17,3958
2788,-17,3958
2797,-17,3958
2805,-17,3958
2813,-17,3958
2821,-17,3958
2829,-17,3958
2837,-17,3958
