time[ms],x,y
1,0,0
9,0,0
17,0,0
25,0,0
34,0,0
43,0,0
51,0,0
59,0,0
67,0,0
75,0,0
83,0,0
91,0,0
99,0,0
107,0,0
115,0,0
123,0,0
131,0,0
139,0,0
147,0,0
156,0,0
164,0,0
172,0,0
180,0,0
189,0,0
197,0,0
205,0,0
213,0,0
222,0,0
230,0,0
238,0,0
246,0,0
254,0,0
262,0,0
271,0,0
279,0,0
287,0,0
295,0,0
303,0,0
311,0,0
320,0,0
328,0,0
336,0,0
344,0,0
352,0,0
360,0,0
368,0,0
376,0,0
384,0,0
392,0,0
400,0,0
408,0,0
417,0,0
425,0,0
433,0,0
442,0,0
450,0,0
458,0,0
466,0,0
475,0,0
483,0,0
491,0,0
499,0,0
507,0,0
515,0,0
523,0,0
531,0,0
540,0,0
548,0,0
556,0,0
564,0,0
572,0,0
580,0,0
588,0,0
596,0,0
604,0,0
612,0,0
621,0,0
629,0,0
638,0,0
646,0,0
654,0,0
662,0,0
670,0,0
678,0,0
686,0,0
694,0,0
702,0,0
710,0,0
718,0,0
726,0,0
734,0,0
742,0,0
750,0,0
758,0,0
766,0,0
774,0,0
782,0,0
790,0,0
798,0,0
807,0,0
815,0,0
823,0,0
831,0,0
839,0,0
847,0,0
855,0,0
863,0,0
871,0,0
879,0,0
887,0,0
895,0,0
903,0,0
911,0,0
919,0,0
927,0,0
936,0,0
944,0,0
952,0,0
960,0,0
968,0,0
976,0,0
984,0,0
992,0,0
1000,0,0
1008,0,0
1016,0,0
1024,0,0
1029,0,-1
1037,0,-1
1047,0,-1
1055,0,-1
1061,0,0
1069,0,0
1077,0,1
1085,0,3
1093,0,4
1101,0,4
1109,0,4
1117,0,5
1125,0,5
1133,0,5
1142,0,5
1150,0,5
1158,0,5
1166,0,5
1174,0,5
1183,0,5
1191,0,5
1197,0,10
1205,0,10
1213,0,10
1221,0,10
1229,0,11
1237,0,11
1245,0,13
1253,0,15
1261,0,15
1269,0,16
1277,0,18
1285,0,18
1294,0,18
1301,0,19
1309,0,20
1317,0,21
1325,0,23
1333,0,24
1341,0,25
1349,0,25
1357,0,26
1365,0,28
1373,0,29
1381,0,31
1389,0,35
1397,0,45
1405,0,51
1413,0,55
1421,-1,60
1429,-1,64
1437,-3,66
1445,-4,67
1453,-4,68
1461,-4,71
1469,-3,76
1477,-3,78
1485,-3,83
1493,-2,87
1501,-1,89
1509,-1,89
1517,-1,90
1525,-1,91
1533,-1,91
1541,-1,93
1549,-1,94
1557,-1,95
1565,-1,96
1573,-1,98
1581,-1,101
1589,-1,106
1597,-1,113
1605,-1,114
1613,-1,115
1621,0,119
1629,0,123
1637,0,123
1645,0,124
1653,2,126
1661,2,126
1669,2,126
1677,2,126
1685,2,126
1693,2,128
1701,2,129
1709,2,130
1717,2,130
1725,2,131
1733,2,131
1741,2,133
1749,2,135
1757,3,136
1765,3,136
1774,3,136
1781,4,138
1789,4,141
1797,5,146
1805,5,149
1813,5,149
1822,5,149
1829,7,155
1837,8,156
1845,8,160
1853,10,162
1861,10,163
1869,11,165
1877,12,166
1885,13,168
1893,13,168
1901,13,169
1909,14,170
1917,14,170
1925,14,171
1933,14,171
1941,14,173
1949,14,174
1957,15,175
1965,15,175
1973,15,181
1981,15,185
1989,16,187
1997,18,190
2005,18,193
2013,19,195
2021,19,195
2029,20,196
2037,20,196
2045,21,196
2053,21,196
2062,21,196
2069,22,197
2077,24,199
2085,24,199
2093,24,200
2101,24,201
2109,24,201
2117,24,203
2125,24,203
2133,25,205
2141,25,205
2149,25,205
2157,25,206
2165,28,208
2173,28,208
2181,28,211
2189,28,218
2197,29,224
2205,29,226
2213,29,230
2221,29,231
2229,29,233
2237,29,234
2245,29,235
2253,29,238
2261,29,239
2269,29,241
2277,28,244
2285,26,246
2293,24,248
2301,24,249
2309,24,250
2317,23,251
2325,22,252
2333,22,252
2341,21,253
2349,21,254
2357,20,255
2365,20,255
2373,20,255
2382,20,255
2390,20,255
2397,20,256
2405,20,258
2413,20,259
2421,20,260
2429,20,261
2437,20,261
2445,20,263
2453,20,263
2461,20,264
2469,20,266
2477,20,266
2485,20,268
2493,20,269
2501,20,269
2509,20,270
2517,20,271
2525,22,273
2533,22,274
2541,22,275
2549,22,279
2557,22,286
2565,22,290
2573,20,294
2581,19,296
2589,19,298
2597,19,301
2605,17,309
2613,15,315
2621,13,317
2629,11,319
2637,11,321
2645,11,324
2653,11,326
2661,10,328
2669,10,329
2677,10,330
2685,10,331
2693,10,334
2701,9,335
2709,9,335
2717,9,338
2725,9,340
2733,8,341
2741,7,342
2749,7,344
2757,6,346
2765,6,346
2773,6,348
2781,6,354
2789,6,359
2797,6,360
2805,6,363
2813,6,365
2821,6,366
2829,6,369
2837,6,370
2845,6,374
2853,6,375
2861,6,377
2869,6,379
2877,6,381
2885,6,384
2893,6,386
2901,6,390
2909,6,393
2917,6,396
2925,6,400
2933,6,404
2941,6,409
2949,5,413
2957,5,415
2965,5,419
2973,5,423
2981,5,428
2989,5,431
2997,5,434
3005,5,438
3013,5,440
3021,5,444
3029,5,446
3037,5,449
3045,5,454
3053,5,456
3061,5,458
3069,5,459
3077,6,460
3085,8,461
3093,8,461
3101,9,461
3109,12,461
3117,13,462
3125,13,462
3134,13,462
3141,14,462
3149,14,462
3157,14,462
3166,14,462
3173,15,460
3181,15,459
3189,14,458
3197,12,457
3205,12,457
3213,12,457
3221,10,456
3229,8,456
3237,8,456
3245,5,453
3253,1,454
3261,-3,455
3269,-5,454
3277,-7,454
3285,-9,455
3293,-10,456
3301,-10,456
3310,-10,456
3317,-12,456
3325,-13,456
3333,-14,456
3341,-16,457
3349,-16,459
3357,-16,459
3365,-13,461
3373,-12,462
3381,-8,462
3389,-7,462
3397,-6,462
3405,-3,464
3413,1,464
3421,3,465
3429,5,466
3437,5,466
3445,5,468
3453,5,469
3461,5,470
3469,8,474
3477,8,474
3485,8,476
3492,8,478
3500,8,478
3500,8,479
3508,8,479
3509,8,480
3517,8,480
3525,7,481
3533,7,481
3541,7,484
3549,7,484
3557,8,486
3565,8,486
3573,8,490
3581,8,493
3589,8,496
3597,8,498
3605,8,500
3613,8,503
3621,8,505
3629,8,508
3636,8,510
3644,8,510
3652,8,510
3652,8,513
3660,8,518
3668,8,518
3669,8,521
3677,8,525
3685,8,528
3693,8,531
3701,8,537
3709,8,541
3717,8,545
3724,8,549
3732,8,549
3733,8,554
3741,8,559
3749,8,565
3757,9,570
3765,10,576
3772,10,580
3780,10,580
3781,10,586
3789,12,589
3797,12,595
3805,13,599
3813,13,603
3821,13,604
3829,13,606
3837,13,610
3845,13,611
3853,13,615
3861,14,620
3869,15,623
3877,15,624
3885,15,628
3893,15,631
3901,16,634
3909,17,635
3917,18,637
3925,18,639
3933,17,638
3941,16,638
3949,17,638
3957,17,638
3965,16,639
3973,16,640
3981,16,643
3989,16,646
3997,16,648
4005,16,649
4013,17,653
4021,17,655
4029,17,656
4037,18,659
4045,19,662
4053,19,664
4061,19,664
4069,19,666
4077,19,668
4085,19,670
4093,22,673
4101,22,675
4109,22,676
4117,23,679
4125,23,681
4133,24,684
4141,24,684
4149,24,685
4157,25,688
4165,25,688
4173,25,689
4181,25,691
4189,27,693
4197,27,693
4205,27,694
4213,27,694
4221,28,695
4229,28,695
4237,28,695
4245,29,696
4253,30,697
4261,30,697
4269,30,697
4277,31,697
4285,31,697
4294,31,697
4303,31,697
4312,31,697
4317,32,698
4325,32,698
4333,33,699
4341,33,699
4349,33,699
4357,33,699
4366,33,699
4375,33,699
4383,33,699
4392,33,699
4400,33,699
4409,33,699
4418,33,699
4426,33,699
4434,33,699
4442,33,699
4451,33,699
4459,33,699
4468,33,699
4476,33,699
4485,33,699
4493,35,700
4501,35,700
4510,35,700
4519,35,700
4525,36,701
4533,36,701
4542,36,701
4550,36,701
4558,36,701
4566,36,701
4573,37,702
4581,37,702
4589,37,703
4597,37,703
4606,37,703
4614,37,703
4623,37,703
4629,36,705
4637,36,705
4646,36,705
4655,36,705
4663,36,705
4671,36,705
4679,36,705
4688,36,705
4697,36,705
4701,36,706
4709,36,706
4718,36,706
4725,36,708
4733,36,709
4741,36,709
4750,36,709
4757,36,710
4765,36,711
4773,36,711
4782,36,711
4788,36,713
4796,36,713
4796,36,714
4804,36,714
4804,37,715
4812,37,715
4820,37,715
4829,38,718
4837,38,718
4845,38,719
4853,39,721
4861,39,723
4869,39,724
4877,39,728
4885,39,731
4893,39,740
4901,39,745
4909,39,746
4917,39,746
4925,39,746
4933,39,746
4942,39,746
4949,39,749
4957,40,751
4965,40,751
4972,40,754
4980,40,754
4980,40,756
4988,40,756
4988,40,758
4996,40,758
4996,40,759
5004,40,759
5004,40,760
5012,40,761
5020,40,761
5020,40,763
5028,40,763
5028,40,765
5036,40,765
5044,42,767
5052,44,769
5060,44,769
5060,44,770
5068,44,770
5068,45,771
5076,45,771
5084,45,771
5085,45,773
5092,46,774
5100,46,774
5108,47,775
5116,47,775
5125,47,776
5133,47,778
5141,47,779
5149,47,779
5157,47,779
5166,47,779
5174,47,779
5181,47,781
5188,46,782
5196,46,782
5196,47,783
5204,47,783
5204,47,785
5212,47,786
5220,46,790
5228,46,790
5228,46,793
5236,45,795
5244,45,800
5252,45,805
5260,45,805
5260,44,810
5268,44,814
5276,44,815
5284,44,815
5292,44,815
5300,44,815
5308,44,815
5316,44,815
5324,44,818
5332,42,823
5340,42,823
5340,42,827
5348,42,827
5356,43,831
5364,43,834
5372,43,834
5373,42,838
5380,42,843
5388,44,850
5396,45,854
5404,45,854
5404,42,856
5412,42,856
5412,41,858
5420,41,859
5428,41,859
5428,41,863
5436,41,863
5436,41,865
5444,41,865
5444,41,870
5452,41,874
5460,41,874
5460,41,877
5468,41,877
5468,41,881
5476,41,884
5484,41,886
5492,41,888
5500,41,888
5500,40,891
5508,40,895
5516,40,895
5525,39,900
5532,37,900
5540,36,901
5548,36,904
5556,36,905
5564,36,905
5564,35,909
5572,35,909
5572,35,910
5580,34,911
5588,34,911
5596,34,913
5604,34,914
5612,34,914
5620,34,915
5628,34,916
5636,34,919
5644,33,922
5652,33,922
5652,31,924
5660,31,924
5660,30,925
5668,30,926
5676,30,928
5684,30,931
5692,30,931
5700,30,935
5708,30,938
5716,30,941
5724,29,944
5732,29,946
5740,29,946
5740,29,949
5748,29,950
5756,27,955
5764,27,958
5772,27,960
5780,27,961
5788,27,965
5796,27,969
5804,27,973
5812,27,975
5820,27,975
5829,27,975
5837,27,975
5845,27,975
5854,27,975
5862,27,975
5871,27,975
5879,27,975
5884,27,974
5892,26,973
5900,26,973
5900,25,972
5908,25,970
5916,25,969
5924,22,967
5932,18,963
5940,16,963
5948,15,963
5956,10,960
5964,10,959
5972,10,957
5980,10,954
5988,9,952
5996,8,951
6004,8,951
6012,7,950
6020,6,948
6028,3,948
6036,3,948
6044,3,948
6052,1,948
6060,0,948
6068,-1,949
6076,-1,949
6084,-1,949
6092,-1,950
6100,-1,950
6109,-1,950
6116,-1,951
6124,-1,951
6133,-1,951
6142,-1,951
6148,-1,953
6156,-1,953
6165,-1,953
6172,-1,954
6180,-1,954
6188,-1,955
6196,-1,955
6204,-1,955
6212,-1,956
6220,-1,956
6228,-1,956
6237,-1,956
6244,-1,958
6252,-1,958
6260,-1,958
6268,-1,959
6276,-1,960
6284,-3,963
6292,-3,964
6300,-3,966
6308,-3,969
6316,-3,970
6324,-3,973
6332,-4,974
6340,-4,979
6348,-4,981
6356,-4,983
6364,-4,985
6372,-4,988
6380,-4,989
6388,-4,990
6396,-4,991
6404,-4,991
6412,-4,994
6420,-6,997
6428,-6,999
6436,-6,1005
6444,-10,1010
6452,-13,1013
6460,-13,1015
6468,-13,1018
6476,-13,1019
6484,-13,1020
6492,-14,1021
6500,-14,1023
6508,-15,1024
6516,-15,1025
6524,-15,1026
6532,-15,1028
6540,-16,1030
6548,-16,1031
6556,-17,1034
6564,-19,1035
6572,-19,1036
6580,-20,1039
6588,-23,1041
6596,-23,1043
6604,-25,1046
6612,-29,1050
6620,-30,1054
6628,-30,1059
6636,-31,1069
6644,-31,1082
6652,-31,1097
6660,-33,1116
6668,-36,1127
6676,-40,1133
6684,-40,1138
6692,-40,1142
6700,-40,1149
6708,-40,1159
6716,-40,1170
6724,-40,1179
6732,-43,1184
6740,-44,1185
6748,-44,1185
6756,-44,1188
6764,-44,1189
6772,-44,1189
6780,-44,1190
6788,-44,1190
6796,-44,1190
6804,-44,1191
6812,-44,1191
6820,-44,1193
6828,-44,1193
6836,-44,1193
6845,-44,1193
6852,-44,1194
6860,-44,1194
6868,-44,1195
6876,-43,1196
6884,-43,1196
6893,-43,1196
6900,-42,1197
6908,-40,1199
6916,-39,1200
6924,-37,1202
6932,-36,1202
6940,-33,1205
6948,-31,1206
6956,-28,1207
6964,-26,1207
6972,-23,1208
6980,-23,1208
6988,-22,1209
6996,-21,1210
7004,-19,1210
7012,-17,1210
7020,-14,1210
7028,-9,1210
7036,-4,1211
7044,-4,1211
7053,-4,1211
7061,-4,1211
7069,-4,1211
7076,-2,1211
7084,-2,1211
7092,-2,1211
7101,-2,1211
7108,2,1213
7116,3,1215
7124,4,1218
7132,7,1222
7140,9,1225
7148,9,1229
7156,9,1234
7164,10,1237
7172,12,1244
7180,12,1249
7188,12,1249
7189,12,1251
7197,12,1254
7205,12,1258
7213,12,1261
7221,12,1265
7229,12,1269
7237,12,1273
7245,13,1276
7253,13,1278
7261,14,1279
7269,14,1281
7277,15,1285
7285,17,1288
7293,17,1291
7301,18,1296
7309,18,1299
7317,19,1305
7325,19,1311
7333,19,1317
7341,19,1323
7349,19,1329
7357,19,1335
7365,19,1341
7373,19,1346
7381,19,1354
7389,19,1361
7397,18,1370
7405,17,1377
7413,17,1386
7421,16,1395
7429,16,1404
7437,16,1410
7445,16,1420
7453,15,1429
7461,14,1436
7469,14,1446
7477,14,1456
7485,14,1467
7493,12,1475
7501,11,1477
7509,11,1480
7517,11,1483
7525,11,1485
7533,11,1486
7541,11,1488
7549,11,1488
7557,11,1488
7565,11,1488
7573,11,1488
7582,11,1488
7591,11,1488
7600,11,1488
7608,11,1488
7613,11,1487
7621,11,1485
7629,12,1484
7637,12,1484
7646,12,1484
7654,12,1484
7662,12,1484
7670,12,1484
7678,12,1484
7685,12,1483
7693,12,1482
7701,12,1480
7709,12,1479
7717,13,1477
7725,13,1477
7734,13,1477
7742,13,1477
7751,13,1477
7757,10,1472
7765,3,1457
7773,-1,1459
7781,3,1471
7789,8,1473
7797,9,1472
7805,9,1472
7813,9,1469
7821,9,1468
7829,9,1468
7838,9,1468
7846,9,1468
7854,9,1468
7863,9,1468
7871,9,1468
7879,9,1468
7888,9,1468
7897,9,1468
7905,9,1468
7914,9,1468
7917,10,1469
7925,12,1471
7933,14,1472
7941,18,1475
7949,19,1476
7957,22,1478
7965,24,1480
7973,25,1483
7981,25,1486
7989,25,1491
7997,27,1498
8005,27,1505
8013,27,1514
8021,27,1523
8029,27,1533
8037,32,1544
8045,33,1553
8053,34,1561
8061,39,1571
8069,43,1579
8077,52,1589
8085,54,1596
8093,54,1604
8101,54,1611
8109,52,1620
8117,51,1629
8125,50,1636
8133,49,1644
8141,49,1650
8149,49,1655
8157,47,1661
8165,47,1666
8173,47,1669
8181,47,1670
8189,47,1673
8197,47,1678
8205,47,1681
8213,47,1689
8221,46,1696
8229,45,1704
8237,47,1714
8245,49,1724
8253,49,1735
8261,49,1744
8269,49,1752
8277,49,1760
8285,49,1769
8293,49,1775
8301,49,1781
8309,49,1789
8317,49,1795
8325,47,1800
8333,47,1805
8341,47,1809
8349,47,1813
8357,47,1818
8365,47,1821
8373,47,1825
8381,47,1830
8389,47,1835
8397,47,1840
8405,47,1844
8413,46,1850
8421,46,1855
8429,46,1860
8437,46,1868
8445,46,1874
8453,46,1880
8461,45,1885
8469,44,1891
8477,44,1900
8485,41,1910
8493,41,1918
8501,41,1925
8509,41,1929
8517,41,1934
8525,41,1939
8533,40,1944
8541,40,1948
8549,40,1953
8557,40,1957
8565,40,1963
8573,39,1969
8581,39,1975
8589,39,1981
8597,39,1986
8605,39,1990
8613,39,1990
8621,39,1993
8629,39,1994
8637,39,1995
8645,39,1996
8653,39,1996
8662,39,1996
8671,39,1996
8679,39,1996
8687,39,1996
8695,39,1996
8704,39,1996
8713,39,1996
8721,39,1996
8725,39,1995
8733,35,1982
8741,35,1981
8749,38,1989
8757,41,1990
8765,42,1989
8773,42,1989
8781,42,1985
8789,42,1984
8797,41,1983
8805,41,1983
8813,41,1984
8821,40,1985
8829,40,1988
8837,40,1988
8845,40,1988
8853,40,1989
8861,40,1989
8870,40,1989
8879,40,1989
8887,40,1989
8895,40,1989
8901,41,1990
8909,41,1990
8917,41,1990
8925,42,1990
8933,43,1990
8941,43,1990
8949,44,1990
8957,44,1990
8965,46,1990
8973,46,1990
8981,47,1990
8989,47,1990
8997,48,1990
9005,49,1990
9013,52,1993
9021,52,1998
9029,52,2004
9037,52,2014
9045,52,2029
9053,52,2049
9061,54,2070
9069,58,2089
9077,63,2107
9085,65,2123
9093,69,2141
9101,73,2165
9109,74,2184
9117,74,2201
9125,77,2213
9133,78,2224
9141,79,2234
9149,80,2241
9157,84,2247
9165,85,2254
9173,85,2261
9181,85,2270
9189,85,2276
9197,84,2280
9205,84,2283
9213,84,2285
9221,84,2288
9229,84,2289
9237,84,2291
9245,82,2293
9253,80,2296
9261,80,2296
9269,80,2299
9277,77,2303
9285,77,2305
9293,76,2309
9301,75,2313
9309,75,2321
9317,75,2330
9325,75,2343
9333,75,2355
9341,75,2367
9349,75,2380
9357,75,2391
9365,75,2403
9373,75,2415
9381,74,2428
9389,72,2441
9397,72,2451
9405,73,2464
9413,73,2470
9421,74,2478
9429,74,2484
9437,75,2491
9445,75,2498
9453,77,2506
9461,80,2511
9469,80,2516
9477,80,2521
9485,80,2525
9493,80,2529
9501,82,2532
9509,82,2536
9517,82,2541
9525,82,2546
9533,83,2555
9541,83,2563
9549,83,2568
9557,83,2574
9565,83,2581
9573,83,2589
9581,83,2599
9589,85,2608
9597,85,2618
9605,87,2627
9613,87,2635
9621,87,2641
9629,87,2648
9637,87,2653
9645,87,2658
9653,88,2661
9661,89,2668
9669,89,2674
9677,89,2679
9685,89,2685
9693,90,2691
9701,90,2696
9709,90,2700
9717,90,2703
9725,90,2704
9733,90,2704
9741,90,2705
9749,90,2705
9758,90,2705
9766,90,2705
9775,90,2705
9784,90,2705
9792,90,2705
9800,90,2705
9805,90,2704
9813,90,2704
9822,90,2704
9829,90,2703
9837,90,2703
9845,90,2702
9853,90,2702
9861,89,2680
9869,84,2668
9877,84,2679
9885,87,2692
9893,87,2694
9901,88,2694
9909,89,2694
9917,89,2694
9926,89,2694
9935,89,2694
9941,91,2694
9949,91,2694
9957,93,2695
9965,93,2696
9973,94,2697
9981,94,2697
9989,95,2698
9997,97,2700
10005,97,2700
10013,98,2701
10021,98,2701
10029,99,2702
10037,100,2703
10045,100,2703
10053,102,2704
10061,102,2704
10069,103,2705
10077,104,2706
10085,106,2706
10093,108,2707
10101,108,2708
10109,109,2711
10117,110,2716
10125,112,2724
10133,114,2733
10141,117,2745
10149,119,2759
10157,120,2774
10165,123,2790
10173,127,2807
10181,129,2829
10189,133,2847
10197,135,2866
10205,143,2885
10213,148,2900
10221,155,2920
10229,164,2940
10237,167,2957
10245,169,2971
10253,171,2985
10261,173,2995
10269,173,3000
10277,173,3004
10285,172,3006
10293,172,3006
10301,172,3008
10309,173,3009
10317,173,3009
10326,173,3009
10333,172,3010
10341,171,3011
10349,171,3013
10357,170,3015
10365,170,3016
10373,170,3020
10381,170,3024
10389,170,3030
10397,170,3035
10405,170,3040
10413,170,3045
10421,170,3051
10429,169,3060
10437,167,3069
10445,167,3077
10453,167,3084
10461,167,3090
10469,168,3095
10477,168,3100
10485,168,3108
10493,169,3114
10501,172,3120
10509,172,3126
10517,172,3134
10525,174,3141
10533,175,3145
10541,177,3154
10549,177,3160
10557,177,3165
10565,177,3171
10573,177,3178
10581,177,3181
10589,177,3187
10597,178,3191
10605,178,3193
10613,179,3196
10621,180,3198
10629,180,3199
10637,181,3201
10645,182,3202
10653,184,3204
10661,184,3204
10669,184,3204
10677,188,3205
10685,190,3207
10693,193,3211
10701,193,3213
10709,193,3215
10717,193,3218
10725,194,3219
10733,194,3220
10741,194,3221
10749,194,3223
10757,194,3225
10765,194,3225
10773,194,3226
10781,194,3228
10789,194,3228
10797,194,3229
10805,194,3229
10813,194,3230
10821,194,3230
10829,194,3231
10837,194,3231
10845,193,3229
10853,193,3229
10862,193,3229
10869,190,3228
10877,190,3232
10885,192,3234
10893,193,3233
10901,193,3233
10909,193,3233
10917,193,3233
10926,193,3233
10935,193,3233
10944,193,3233
10949,192,3234
10957,192,3234
10966,192,3234
10975,192,3234
10983,192,3234
10992,192,3234
11001,192,3234
11009,192,3234
11017,192,3234
11021,191,3235
11029,191,3235
11038,191,3235
11046,191,3235
11054,191,3235
11062,191,3235
11069,191,3236
11077,192,3238
11085,192,3238
11094,192,3238
11103,192,3238
11112,192,3238
11117,192,3239
11125,192,3240
11133,192,3243
11141,192,3245
11149,192,3250
11157,192,3258
11165,192,3268
11173,192,3281
11181,192,3294
11189,192,3305
11197,192,3317
11205,192,3329
11213,192,3341
11221,190,3355
11229,190,3365
11237,190,3380
11245,190,3396
11253,190,3411
11261,190,3429
11269,190,3445
11277,189,3458
11285,187,3471
11293,185,3481
11301,184,3491
11309,184,3499
11317,184,3506
11325,184,3514
11333,185,3520
11341,185,3527
11349,187,3535
11357,188,3540
11365,188,3546
11373,188,3550
11381,188,3555
11389,188,3559
11397,188,3561
11405,188,3565
11413,188,3569
11421,188,3573
11429,188,3580
11437,188,3590
11445,188,3601
11453,188,3612
11461,189,3620
11469,189,3627
11477,189,3634
11485,189,3640
11493,189,3648
11501,189,3654
11509,190,3660
11517,190,3666
11525,190,3674
11533,193,3683
11541,193,3690
11549,193,3698
11557,194,3708
11565,195,3718
11573,195,3726
11581,195,3735
11589,195,3743
11597,197,3750
11605,198,3759
11613,202,3768
11621,204,3779
11629,207,3789
11637,207,3800
11645,208,3809
11653,210,3817
11661,212,3824
11669,215,3830
11677,218,3835
11685,224,3844
11693,228,3854
11701,230,3866
11709,232,3876
11717,232,3884
11725,232,3893
11733,233,3900
11741,235,3910
11749,238,3919
11757,242,3928
11765,248,3940
11773,253,3953
11781,257,3965
11789,262,3977
11797,264,3985
11805,267,3996
11813,269,4006
11821,270,4018
11829,270,4026
11837,272,4031
11845,273,4036
11853,274,4041
11861,274,4045
11869,275,4050
11877,275,4053
11885,275,4054
11893,275,4056
11901,277,4060
11909,277,4064
11917,278,4066
11925,278,4069
11933,278,4071
11941,278,4075
11949,278,4079
11957,278,4084
11965,279,4089
11973,280,4094
11981,282,4099
11989,284,4104
11997,285,4108
12005,285,4110
12013,285,4113
12021,285,4114
12029,285,4116
12037,285,4118
12045,285,4118
12054,285,4118
12063,285,4118
12069,285,4117
12077,285,4117
12085,285,4114
12093,285,4112
12101,285,4110
12109,285,4109
12117,285,4109
12125,285,4107
12133,285,4105
12141,285,4105
12150,285,4105
12157,284,4104
12165,284,4104
12174,284,4104
12183,284,4104
12189,284,4103
12197,284,4103
12205,284,4103
12214,284,4103
12223,284,4103
12232,284,4103
12237,282,4101
12245,282,4101
12254,282,4101
12262,282,4101
12271,282,4101
12280,282,4101
12285,282,4100
12293,282,4100
12301,282,4099
12309,282,4099
12318,282,4099
12325,282,4098
12333,282,4098
12341,282,4098
12350,282,4098
12357,282,4095
12365,282,4094
12373,282,4093
12381,282,4090
12389,282,4090
12397,282,4090
12405,282,4090
12414,282,4090
12421,282,4089
12429,282,4088
12437,282,4088
12445,282,4087
12453,282,4085
12461,282,4084
12469,282,4083
12477,281,4081
12485,280,4079
12493,279,4078
12501,279,4078
12509,279,4078
12517,279,4077
12525,279,4075
12533,277,4073
12541,277,4072
12549,277,4071
12557,276,4069
12565,276,4069
12573,275,4067
12581,275,4067
12589,273,4064
12597,272,4063
12605,272,4062
12613,271,4059
12621,271,4059
12629,271,4057
12637,271,4053
12645,270,4052
12653,270,4052
12661,270,4052
12669,270,4049
12677,270,4049
12686,270,4049
12693,270,4048
12701,269,4047
12709,269,4045
12717,269,4045
12726,269,4045
12733,269,4044
12741,269,4044
12750,269,4044
12759,269,4044
12765,269,4043
12773,269,4043
12781,269,4042
12789,269,4042
12797,269,4042
12805,269,4042
12814,269,4042
12823,269,4042
12832,269,4042
12841,269,4042
12850,269,4042
12853,267,4040
12861,267,4040
12869,267,4040
12877,267,4039
12885,266,4038
12893,266,4038
12901,266,4038
12909,266,4037
12917,265,4035
12925,265,4034
12933,265,4034
12942,265,4034
12951,265,4034
12957,265,4033
12965,265,4032
12973,265,4032
12981,264,4029
12989,264,4029
12998,264,4029
13006,264,4029
13014,264,4029
13023,264,4029
13031,264,4029
13039,264,4029
13045,263,4029
13053,263,4029
13062,263,4029
13071,263,4029
13079,263,4029
13088,263,4029
13097,263,4029
13106,263,4029
13109,262,4030
13117,262,4030
13126,262,4030
13133,261,4031
13141,261,4031
13149,260,4032
13157,260,4034
13165,260,4034
13173,260,4034
13181,260,4035
13189,259,4036
13197,259,4036
13206,259,4036
13213,258,4037
13221,257,4038
13229,256,4039
13237,256,4039
13245,256,4039
13253,256,4039
13262,256,4039
13271,256,4039
13280,256,4039
13285,255,4040
13293,255,4040
13302,255,4040
13311,255,4040
13317,255,4041
13325,254,4042
13333,254,4043
13341,254,4043
13349,254,4043
13357,254,4044
13365,254,4045
13373,254,4046
13381,252,4048
13389,252,4048
13398,252,4048
13406,252,4048
13414,252,4048
13423,252,4048
13432,252,4048
13440,252,4048
13445,251,4049
13453,251,4049
13462,251,4049
13471,251,4049
13480,251,4049
13488,251,4049
13497,251,4049
13505,251,4049
13513,251,4049
13522,251,4049
13530,251,4049
13538,251,4049
13547,251,4049
13555,251,4049
13557,251,4048
13565,250,4047
13573,250,4047
13582,250,4047
13590,250,4047
13599,250,4047
13607,250,4047
13616,250,4047
13625,250,4047
13634,250,4047
13637,251,4047
13645,252,4048
13653,253,4049
13661,254,4050
13669,255,4051
13677,256,4052
13685,259,4053
13693,260,4054
13701,261,4054
13709,263,4055
13717,263,4055
13725,266,4056
13733,268,4057
13741,269,4058
13749,270,4059
13757,271,4061
13765,272,4063
13773,274,4066
13781,274,4066
13790,274,4066
13797,277,4068
13805,277,4069
13813,278,4070
13821,280,4071
13829,280,4071
13837,283,4073
13845,284,4074
13853,284,4075
13861,287,4078
13869,288,4079
13877,289,4081
13885,290,4084
13893,292,4086
13901,293,4086
13909,297,4087
13917,300,4090
13925,302,4092
13933,305,4095
13941,305,4096
13949,307,4100
13957,308,4101
13965,309,4104
13973,311,4107
13981,313,4109
13989,316,4112
13997,319,4115
14005,323,4120
14013,327,4126
14021,332,4131
14029,338,4137
14037,340,4144
14045,342,4151
14053,343,4160
14061,346,4167
14069,349,4171
14077,353,4175
14085,357,4177
14093,358,4178
14101,359,4178
14109,359,4178
14117,361,4178
14125,361,4178
14134,361,4178
14141,362,4177
14149,363,4176
14157,364,4175
14165,365,4173
14173,365,4172
14181,365,4169
14189,365,4168
14197,365,4165
14205,365,4163
14213,365,4159
14221,365,4158
14229,364,4157
14237,364,4155
14245,364,4154
14253,363,4151
14261,362,4150
14269,362,4148
14277,362,4148
14285,362,4147
14293,362,4144
14301,361,4143
14309,360,4139
14317,360,4138
14325,360,4138
14333,359,4137
14341,358,4134
14349,358,4134
14357,356,4133
14365,356,4133
14374,356,4133
14382,356,4133
14389,355,4132
14397,355,4132
14406,355,4132
14415,355,4132
14423,355,4132
14429,355,4130
14437,355,4129
14445,358,4126
14453,364,4124
14461,374,4124
14469,382,4124
14477,387,4121
14485,390,4119
14493,390,4118
14501,392,4115
14509,394,4113
14517,398,4109
14525,403,4107
14533,408,4104
14541,413,4104
14549,415,4103
14557,415,4102
14565,415,4099
14573,415,4097
14581,415,4094
14589,417,4092
14597,419,4089
14605,419,4087
14613,426,4081
14621,435,4075
14629,442,4072
14637,444,4071
14645,444,4071
14654,444,4071
14661,445,4070
14669,445,4070
14678,445,4070
14687,445,4070
14695,445,4070
14704,445,4070
14713,445,4070
14722,445,4070
14725,444,4069
14733,443,4070
14741,442,4071
14749,442,4071
14757,441,4072
14765,440,4073
14773,439,4074
14781,438,4075
14789,437,4076
14797,436,4077
14805,436,4078
14813,435,4079
14821,434,4080
14829,433,4080
14837,432,4081
14845,428,4081
14853,427,4081
14861,426,4081
14869,423,4081
14877,420,4081
14885,417,4081
14893,416,4081
14901,415,4081
14909,413,4081
14917,412,4081
14925,410,4081
14933,408,4081
14941,407,4081
14949,406,4081
14957,403,4081
14965,402,4081
14973,400,4081
14981,400,4081
14989,398,4081
14997,398,4081
15005,397,4081
15013,396,4080
15021,395,4078
15029,395,4078
15037,395,4078
15045,395,4078
15053,395,4078
15061,395,4078
15069,395,4078
15078,395,4078
15085,392,4077
15093,392,4077
15101,392,4077
15109,392,4077
15118,392,4077
15126,392,4077
15135,392,4077
15144,392,4077
15152,392,4077
15160,392,4077
15168,392,4077
15176,392,4077
15185,392,4077
15193,392,4077
15201,392,4077
15210,392,4077
15219,392,4077
15228,392,4077
15228,392,4075
15236,392,4075
15245,392,4075
15254,392,4075
15263,392,4075
15271,392,4075
15280,392,4075
15289,392,4075
15298,392,4075
15307,392,4075
15309,391,4074
15317,391,4074
15325,391,4074
15333,390,4073
15341,390,4073
15349,390,4073
15358,390,4073
15365,388,4072
15373,388,4072
15381,388,4072
15389,388,4072
15398,388,4072
15405,387,4072
15413,387,4072
15421,386,4072
15429,386,4072
15437,386,4072
15445,386,4072
15453,385,4072
15461,385,4072
15470,385,4072
15477,383,4072
15485,383,4072
15494,383,4072
15501,382,4072
15509,382,4072
15517,382,4072
15526,382,4072
15534,382,4072
15543,382,4072
15552,382,4072
15561,382,4072
15569,382,4072
15573,381,4072
15581,381,4072
15589,381,4072
15597,381,4072
15605,381,4072
15614,381,4072
15622,381,4072
15631,381,4072
15639,381,4072
15648,381,4072
15657,381,4072
15666,381,4072
15669,380,4072
15677,380,4072
15686,380,4072
15695,380,4072
15701,378,4072
15709,378,4072
15717,377,4073
15725,376,4074
15733,376,4074
15741,376,4074
15749,376,4074
15757,375,4075
15765,375,4075
15773,375,4075
15781,375,4075
15790,375,4075
15798,375,4075
15806,375,4075
15814,375,4075
15823,375,4075
15832,375,4075
15841,375,4075
15849,375,4075
15858,375,4075
15861,374,4076
15869,374,4076
15877,374,4076
15886,374,4076
15895,374,4076
15904,374,4076
15913,374,4076
15922,374,4076
15931,374,4076
15939,374,4076
15947,374,4076
15956,374,4076
15965,374,4076
15974,374,4076
15982,374,4076
15990,374,4076
15997,373,4076
16005,373,4076
16013,373,4076
16021,373,4076
16029,373,4076
16037,373,4076
16046,373,4076
16054,373,4076
16062,373,4076
16071,373,4076
16080,373,4076
16088,373,4076
16097,373,4076
16106,373,4076
16114,373,4076
16123,373,4076
16132,373,4076
16141,372,4076
16149,372,4076
16157,372,4076
16165,372,4076
16174,372,4076
16182,372,4076
16191,372,4076
16200,372,4076
16209,372,4076
16217,372,4076
16226,372,4076
16229,371,4076
16237,371,4076
16245,371,4076
16254,371,4076
16262,371,4076
16271,371,4076
16280,371,4076
16288,371,4076
16296,371,4076
16305,371,4076
16314,371,4076
16322,371,4076
16331,371,4076
16340,371,4076
16349,371,4076
16357,371,4076
16365,371,4076
16374,371,4076
16383,371,4076
16392,371,4076
16401,371,4076
16410,371,4076
16418,371,4076
16427,371,4076
16436,371,4076
16445,371,4076
16453,371,4076
16462,371,4076
16470,371,4076
16479,371,4076
16488,371,4076
16497,371,4076
16506,371,4076
16515,371,4076
16524,371,4076
16533,371,4076
16542,371,4076
16550,371,4076
16557,370,4076
16565,370,4076
16574,370,4076
16583,370,4076
16591,370,4076
16599,370,4076
16608,370,4076
16617,370,4076
16626,370,4076
16634,370,4076
16642,370,4076
16651,370,4076
16659,370,4076
16667,370,4076
16676,370,4076
16685,370,4076
16693,370,4076
16702,370,4076
16711,370,4076
16720,370,4076
16729,370,4076
16738,370,4076
16747,370,4076
16755,370,4076
16764,370,4076
16773,370,4076
16782,370,4076
16790,370,4076
16798,370,4076
16806,370,4076
16814,370,4076
16822,370,4076
16831,370,4076
16840,370,4076
16849,370,4076
16853,368,4076
16861,368,4076
16870,368,4076
16879,368,4076
16888,368,4076
16896,368,4076
16905,368,4076
16914,368,4076
16923,368,4076
16931,368,4076
16939,368,4076
16948,368,4076
16957,368,4076
16965,368,4076
16974,368,4076
16983,368,4076
16992,368,4076
17001,368,4076
17010,368,4076
17019,368,4076
17027,368,4076
17035,368,4076
17044,368,4076
17052,368,4076
17060,368,4076
17069,368,4076
17078,368,4076
17085,367,4076
17093,367,4076
17102,367,4076
17110,367,4076
17119,367,4076
17128,367,4076
17136,367,4076
17145,367,4076
17154,367,4076
17163,367,4076
17172,367,4076
17181,367,4076
17190,367,4076
17199,367,4076
17207,367,4076
17216,367,4076
17225,367,4076
17234,367,4076
17242,367,4076
17251,367,4076
17259,367,4076
17267,367,4076
17275,367,4076
17284,367,4076
17293,367,4076
17301,367,4076
17310,367,4076
17319,367,4076
17325,366,4076
17333,366,4076
17342,366,4076
17350,366,4076
17358,366,4076
17366,366,4076
17375,366,4076
17384,366,4076
17393,366,4076
17402,366,4076
17411,366,4076
17420,366,4076
17428,366,4076
17437,366,4076
17446,366,4076
17455,366,4076
1,366,4076
9,366,4076
18,366,4076
27,366,4076
36,366,4076
44,366,4076
52,366,4076
61,366,4076
70,366,4076
78,366,4076
86,366,4076
95,366,4076
103,366,4076
111,366,4076
120,366,4076
128,366,4076
137,366,4076
145,366,4076
154,366,4076
162,366,4076
170,366,4076
178,366,4076
186,366,4076
195,366,4076
204,366,4076
212,366,4076
221,366,4076
230,366,4076
239,366,4076
247,366,4076
255,366,4076
263,366,4076
271,366,4076
280,366,4076
288,366,4076
296,366,4076
304,366,4076
312,366,4076
321,366,4076
330,366,4076
339,366,4076
348,366,4076
356,365,4076
364,365,4076
372,365,4076
410,365,4076
418,365,4076
426,365,4076
434,365,4076
443,365,4076
451,365,4076
460,365,4076
469,365,4076
478,365,4076
486,365,4076
495,365,4076
504,365,4076
512,365,4076
521,365,4076
530,365,4076
538,365,4076
546,365,4076
554,365,4076
563,365,4076
572,365,4076
580,365,4076
589,365,4076
598,365,4076
606,365,4076
614,365,4076
622,365,4076
631,365,4076
639,365,4076
648,365,4076
656,365,4076
664,365,4076
672,365,4076
680,365,4076
689,365,4076
698,365,4076
706,365,4076
714,365,4076
722,365,4076
730,365,4076
739,365,4076
748,365,4076
756,365,4076
765,365,4076
773,365,4076
782,365,4076
790,365,4076
799,365,4076
807,365,4076
815,365,4076
824,365,4076
833,365,4076
842,365,4076
850,365,4076
858,365,4076
867,365,4076
876,365,4076
885,365,4076
894,365,4076
903,365,4076
911,365,4076
919,365,4076
928,365,4076
937,365,4076
946,365,4076
954,365,4076
962,365,4076
970,365,4076
979,365,4076
988,365,4076
996,365,4076
1004,365,4076
1012,365,4076
1021,365,4076
1029,365,4076
1038,365,4076
1047,365,4076
1055,365,4076
1064,365,4076
1073,365,4076
1081,365,4076
1089,365,4076
1097,365,4076
1105,365,4076
1113,365,4076
1121,365,4076
1130,365,4076
1139,365,4076
1148,365,4076
1156,365,4076
1165,365,4076
1174,365,4076
1182,365,4076
1190,365,4076
1199,365,4076
1207,365,4076
1215,365,4076
1223,365,4076
1232,365,4076
1241,365,4076
1244,363,4076
1252,363,4076
1261,363,4076
1270,363,4076
1279,363,4076
1288,363,4076
1296,363,4076
1304,363,4076
1313,363,4076
1323,363,4076
1331,363,4076
1340,363,4076
1348,363,4076
1356,363,4076
1364,363,4076
1373,363,4076
1381,363,4076
1390,363,4076
1398,363,4076
1406,363,4076
1415,363,4076
1423,363,4076
1431,363,4076
1440,363,4076
1449,363,4076
1457,363,4076
1465,363,4076
1473,363,4076
1481,363,4076
1489,363,4076
1497,363,4076
1505,363,4076
1514,363,4076
1523,363,4076
1532,363,4076
1541,363,4076
1549,363,4076
1558,363,4076
1566,363,4076
1574,363,4076
1583,363,4076
1592,363,4076
1601,363,4076
1609,363,4076
1617,363,4076
1626,363,4076
1634,363,4076
1643,363,4076
1652,363,4076
1661,363,4076
1669,363,4076
1677,363,4076
1686,363,4076
1695,363,4076
1703,363,4076
1712,363,4076
1720,363,4076
1728,363,4076
1737,363,4076
1745,363,4076
1754,363,4076
1762,363,4076
1771,363,4076
1780,363,4076
1788,363,4076
1796,363,4076
1805,363,4076
1814,363,4076
1822,363,4076
1831,363,4076
1840,363,4076
1849,363,4076
1857,363,4076
1865,363,4076
1874,363,4076
1883,363,4076
1892,363,4076
1900,363,4076
1908,363,4076
1916,363,4076
1925,363,4076
1934,363,4076
1942,363,4076
1950,363,4076
1959,363,4076
1967,363,4076
1975,363,4076
1984,363,4076
1992,363,4076
2000,363,4076
2009,363,4076
2017,363,4076
2025,363,4076
2033,363,4076
2042,363,4076
2050,363,4076
2059,363,4076
2067,363,4076
2076,363,4076
2085,363,4076
2092,362,4076
2100,362,4076
2109,362,4076
2118,362,4076
2127,362,4076
2135,362,4076
2144,362,4076
2153,362,4076
2161,362,4076
2170,362,4076
2179,362,4076
2188,362,4076
2196,362,4076
2204,362,4076
2212,362,4076
2220,362,4076
2229,362,4076
2238,362,4076
2246,362,4076
2255,362,4076
2264,362,4076
2272,362,4076
2281,362,4076
2290,362,4076
2299,362,4076
2307,362,4076
2316,362,4076
2324,362,4076
2333,362,4076
2341,362,4076
2350,362,4076
2359,362,4076
2367,362,4076
2375,362,4076
2383,362,4076
2392,362,4076
2400,362,4076
2408,362,4076
2417,362,4076
2426,362,4076
2434,362,4076
2443,362,4076
2444,361,4075
2452,361,4075
2461,361,4075
2469,361,4075
2477,361,4075
2486,361,4075
2495,361,4075
2504,361,4075
2513,361,4075
2521,361,4075
2530,361,4075
2539,361,4075
2547,361,4075
2556,361,4075
2565,361,4075
2574,361,4075
2583,361,4075
2592,361,4075
2600,361,4075
2608,361,4075
2617,361,4075
2626,361,4075
2635,361,4075
2644,361,4075
2653,361,4075
2662,361,4075
2671,361,4075
2679,361,4075
2688,361,4075
2697,361,4075
2705,361,4075
2714,361,4075
2723,361,4075
2732,361,4075
2741,361,4075
2750,361,4075
2759,361,4075
2767,361,4075
2776,361,4075
2785,361,4075
2793,361,4075
2801,361,4075
2810,361,4075
2818,361,4075
2827,361,4075
2836,361,4075
2844,361,4075
2852,361,4075
2860,361,4075
2869,361,4075
2878,361,4075
2886,361,4075
2895,361,4075
2904,361,4075
2912,361,4075
2920,361,4075
2929,361,4075
2938,361,4075
2946,361,4075
2955,361,4075
2964,361,4075
2973,361,4075
2981,361,4075
2990,361,4075
2998,361,4075
3006,361,4075
3014,361,4075
3023,361,4075
3031,361,4075
3039,361,4075
3048,361,4075
3057,361,4075
3066,361,4075
3074,361,4075
3083,361,4075
3092,361,4075
3100,361,4075
3109,361,4075
3118,361,4075
3126,361,4075
3134,361,4075
3142,361,4075
3150,361,4075
3158,361,4075
3167,361,4075
3176,361,4075
3184,361,4075
3193,361,4075
3202,361,4075
3211,361,4075
3219,361,4075
3227,361,4075
3236,361,4075
3245,361,4075
3254,361,4075
3262,361,4075
3271,361,4075
3279,361,4075
3288,361,4075
3297,361,4075
3306,361,4075
3314,361,4075
3322,361,4075
3331,361,4075
3339,361,4075
3347,361,4075
3356,361,4075
3365,361,4075
3374,361,4075
3383,361,4075
3392,361,4075
3401,361,4075
3409,361,4075
3418,361,4075
3426,361,4075
3436,361,4075
3445,361,4075
3454,361,4075
3462,361,4075
3470,361,4075
3479,361,4075
3488,361,4075
3497,361,4075
3506,361,4075
3515,361,4075
3523,361,4075
3532,361,4075
3541,361,4075
3550,361,4075
3558,361,4075
3566,361,4075
3574,361,4075
3583,361,4075
3591,361,4075
3599,361,4075
3608,361,4075
3616,361,4075
3625,361,4075
3634,361,4075
3643,361,4075
3652,361,4075
3660,361,4075
3669,361,4075
3677,361,4075
3684,360,4074
3692,360,4074
3700,360,4074
3708,360,4074
3717,360,4074
3726,360,4074
3735,360,4074
3744,360,4074
3753,360,4074
3762,360,4074
3771,360,4074
3780,360,4074
3789,360,4074
3798,360,4074
3807,360,4074
3815,360,4074
3823,360,4074
3832,360,4074
3841,360,4074
3849,360,0.024545901
